500
500 57451
499 57451
498 48176
497 441
496 89481
495 57451
494 94633
493 57451
492 31579
491 57451
490 94633
489 98156
488 37724
487 20010
486 35413
485 79819
484 19946
483 8798
482 35413
481 27752
480 52504
479 95287
478 86388
477 73165
476 94991
475 55322
474 48255
473 34126
472 69490
471 7828
470 89481
469 46494
468 26391
467 66659
466 60396
465 71375
464 7031
463 86600
462 6438
461 66253
460 58073
459 5195
458 98156
457 36681
456 97255
455 11166
454 99076
453 60396
452 43817
451 35848
450 64026
449 51679
448 62030
447 75880
446 60085
445 57464
444 35592
443 22635
442 36887
441 30682
440 47385
439 48081
438 49683
437 58970
436 43553
435 39391
434 52599
433 50391
432 67688
431 44913
430 39411
429 52038
428 54200
427 54180
426 58125
425 23381
424 48081
423 11964
422 27586
421 67971
420 78804
419 24419
418 16833
417 3267
416 35252
415 51673
414 55349
413 5376
412 80968
411 21141
410 21101
409 69637
408 8798
407 68780
406 55638
405 74618
404 23381
403 14972
402 99652
401 26728
400 51942
399 54864
398 91471
397 85325
396 20875
395 49288
394 64104
393 81481
392 60390
391 42852
390 19974
389 34619
388 18398
387 70390
386 14901
385 57107
384 41659
383 51132
382 45610
381 34626
380 54584
379 52432
378 50468
377 81493
376 20990
375 83086
374 86886
373 85551
372 30361
371 70776
370 49157
369 65499
368 35413
367 62692
366 62433
365 60970
364 12867
363 55349
362 68672
361 66307
360 1628
359 47845
358 88698
357 28222
356 23306
355 92056
354 33361
353 23704
352 68672
351 3739
350 21101
349 83480
348 55943
347 27322
346 83840
345 93972
344 48448
343 55322
342 2322
341 9632
340 36345
339 40927
338 42547
337 22997
336 78395
335 58073
334 34220
333 13297
332 36340
331 46724
330 22584
329 84634
328 29772
327 66307
326 62078
325 45032
324 56747
323 33656
322 28685
321 95703
320 89163
319 47199
318 11296
317 3667
316 65953
315 17693
314 21808
313 39946
312 19520
311 367
310 1948
309 30395
308 3667
307 5195
306 12105
305 47353
304 19001
303 58546
302 7080
301 60952
300 47698
299 19951
298 87037
297 36187
296 57524
295 60838
294 23664
293 30259
292 37951
291 19681
290 54591
289 54137
288 94353
287 27867
286 97152
285 2290
284 8459
283 8459
282 22584
281 62793
280 57322
279 17693
278 74918
277 72198
276 86905
275 16771
274 97067
273 70302
272 65252
271 66910
270 2888
269 868
268 10145
267 30735
266 75984
265 22732
264 98945
263 48765
262 64589
261 65334
260 48925
259 733
258 84634
257 14901
256 48980
255 67141
254 94236
253 15824
252 50218
251 53308
250 70770
249 89479
248 62888
247 62030
246 60838
245 97598
244 6458
243 85255
242 28551
241 95518
240 89430
239 50152
238 19803
237 80877
236 26505
235 34734
234 4802
233 99038
232 85909
231 56465
230 55668
229 77378
228 17277
227 7672
226 18926
225 59820
224 39138
223 28974
222 2688
221 61326
220 16199
219 52317
218 48765
217 3380
216 11666
215 48448
214 30455
213 23186
212 94417
211 77802
210 34168
209 93972
208 6489
207 23642
206 33051
205 5787
204 83140
203 77687
202 10327
201 24053
200 79375
199 19757
198 11316
197 5627
196 80903
195 97067
194 31684
193 90588
192 13081
191 36907
190 95338
189 70302
188 76159
187 14799
186 76888
185 16285
184 13081
183 59177
182 79375
181 25501
180 15614
179 74310
178 40550
177 63082
176 5252
175 90060
174 50322
173 24594
172 59231
171 28222
170 57361
169 15384
168 67048
167 12995
166 20056
165 42964
164 69053
163 83987
162 76737
161 1667
160 71923
159 64553
158 19160
157 4802
156 11964
155 45837
154 2371
153 29972
152 67940
151 56747
150 85642
149 34782
148 70918
147 2701
146 98439
145 89847
144 11689
143 15614
142 24585
141 6611
140 54861
139 43459
138 6099
137 23664
136 95703
135 23339
134 65729
133 17177
132 58737
131 32645
130 92913
129 74310
128 78636
127 31528
126 22472
125 9641
124 64164
123 41922
122 72034
121 62104
120 44844
119 28088
118 2934
117 67014
116 51089
115 85611
114 64553
113 18773
112 67817
111 91524
110 68174
109 32227
108 66797
107 10552
106 73176
105 30287
104 22210
103 94547
102 17693
101 46037
100 783
99 45074
98 14809
97 22939
96 20837
95 98537
94 19951
93 71229
92 38111
91 74798
90 28643
89 58601
88 41232
87 77289
86 67817
85 92011
84 96119
83 25465
82 57915
81 28935
80 32492
79 18209
78 53279
77 85085
76 97444
75 87485
74 87762
73 57451
72 62692
71 7080
70 72193
69 34841
68 34469
67 38659
66 32541
65 74690
64 98899
63 55481
62 3380
61 68871
60 51381
59 50469
58 64215
57 29590
56 17096
55 18750
54 93869
53 89576
52 67960
51 37054
50 27510
49 59881
48 31883
47 79349
46 17839
45 39696
44 54836
43 38111
42 92839
41 62179
40 72538
39 26787
38 91902
37 72049
36 82281
35 91889
34 36887
33 8718
32 26214
31 49512
30 27496
29 67230
28 74009
27 3881
26 91298
25 78690
24 46513
23 17881
22 6105
21 26096
20 92491
19 25337
18 23908
17 33353
16 19532
15 99355
14 58879
13 56465
12 9799
11 47851
10 72616
9 50153
8 83371
7 12503
6 3840
5 41291
4 5942
3 94353
2 2701
1 19803
