500
500 8456
499 8456
498 78593
497 67245
496 45663
495 8456
494 69916
493 54552
492 988
491 76959
490 39702
489 85343
488 17366
487 85343
486 22134
485 10623
484 8456
483 1467
482 16702
481 66998
480 78422
479 69916
478 22558
477 71714
476 50036
475 17771
474 46381
473 8456
472 85189
471 96860
470 82452
469 52559
468 63662
467 7956
466 50825
465 988
464 60168
463 39280
462 93920
461 58512
460 71714
459 91338
458 47874
457 11909
456 56777
455 63345
454 81307
453 83818
452 93528
451 30989
450 16652
449 22134
448 11886
447 1535
446 39593
445 30989
444 55982
443 42312
442 72272
441 27365
440 76516
439 79634
438 87422
437 86041
436 28291
435 25107
434 54455
433 45289
432 33359
431 82069
430 10663
429 55533
428 83701
427 89933
426 15516
425 45984
424 45289
423 37560
422 2950
421 25529
420 84487
419 98843
418 44396
417 19633
416 16206
415 96860
414 97339
413 38867
412 63294
411 29243
410 8086
409 26983
408 33522
407 62354
406 37341
405 19013
404 92885
403 3653
402 62813
401 12520
400 67865
399 22661
398 93634
397 95515
396 86756
395 82018
394 98928
393 96946
392 8456
391 52305
390 15662
389 28665
388 92060
387 66688
386 32921
385 50121
384 1343
383 26325
382 19830
381 57931
380 14856
379 30973
378 28291
377 63136
376 96227
375 41236
374 75523
373 72776
372 15831
371 78157
370 98747
369 99686
368 26983
367 50036
366 53176
365 5748
364 63415
363 91359
362 3653
361 62165
360 89206
359 90449
358 92522
357 42824
356 76516
355 26050
354 36773
353 14214
352 62324
351 34587
350 71778
349 22076
348 53310
347 54455
346 28665
345 59669
344 38290
343 35741
342 85975
341 36288
340 33841
339 52310
338 97019
337 82095
336 79846
335 29587
334 67245
333 63917
332 1071
331 47856
330 75847
329 33459
328 56869
327 36114
326 11451
325 8690
324 751
323 55452
322 15314
321 8082
320 4911
319 62478
318 96183
317 32152
316 12235
315 6525
314 23999
313 71072
312 40565
311 75267
310 29617
309 26325
308 29587
307 20162
306 89042
305 12441
304 24607
303 50017
302 70282
301 47027
300 17242
299 46418
298 47710
297 45984
296 56878
295 33522
294 37341
293 3250
292 87628
291 63345
290 82038
289 90459
288 17983
287 1547
286 7085
285 68295
284 45094
283 19211
282 56152
281 62646
280 20307
279 86002
278 46222
277 23671
276 11044
275 56885
274 25446
273 51679
272 60552
271 89276
270 48215
269 21043
268 1006
267 48659
266 81035
265 63014
264 57959
263 44692
262 1796
261 45340
260 52663
259 87092
258 1467
257 22134
256 41236
255 29919
254 27744
253 84021
252 91266
251 8936
250 85343
249 39184
248 41282
247 75125
246 76462
245 55168
244 43560
243 18231
242 1343
241 86542
240 65555
239 51373
238 55579
237 91215
236 81760
235 35644
234 56481
233 92298
232 53860
231 27824
230 67278
229 97447
228 79846
227 83641
226 65173
225 21043
224 20699
223 51293
222 89314
221 43168
220 47631
219 71413
218 11044
217 94701
216 76516
215 97423
214 37473
213 41579
212 96164
211 43042
210 44766
209 14826
208 69511
207 95152
206 41113
205 23401
204 65383
203 42312
202 75449
201 52559
200 60172
199 42759
198 5625
197 84647
196 22077
195 31506
194 35885
193 27365
192 39591
191 87970
190 29115
189 7142
188 39568
187 11677
186 87491
185 38579
184 92522
183 83364
182 29243
181 51098
180 51282
179 16493
178 97750
177 76435
176 24156
175 50066
174 76892
173 50036
172 12520
171 4605
170 91408
169 41117
168 23701
167 33210
166 47153
165 73484
164 57931
163 9459
162 92608
161 80155
160 83447
159 4844
158 90044
157 48014
156 14513
155 25509
154 9301
153 66641
152 64027
151 14722
150 22521
149 97454
148 45780
147 35854
146 45544
145 23407
144 96662
143 14853
142 45801
141 93187
140 71863
139 90485
138 19830
137 22256
136 49291
135 16702
134 18992
133 85343
132 78803
131 6445
130 7956
129 41762
128 43867
127 49971
126 31553
125 97437
124 39131
123 95251
122 78478
121 62324
120 21907
119 84346
118 22996
117 74620
116 1990
115 45838
114 4159
113 21358
112 89871
111 25642
110 95884
109 93055
108 30430
107 61705
106 10772
105 84098
104 29108
103 98188
102 99119
101 30871
100 84301
99 56696
98 21325
97 87171
96 51951
95 6749
94 40949
93 27213
92 13427
91 60721
90 24023
89 95821
88 34964
87 27851
86 81690
85 31036
84 97538
83 98876
82 7930
81 55305
80 59174
79 96555
78 31279
77 20757
76 30377
75 56124
74 29694
73 94304
72 27292
71 71073
70 85696
69 83066
68 47734
67 10836
66 45923
65 61927
64 1
63 15314
62 84487
61 64736
60 52676
59 53760
58 91359
57 32580
56 83641
55 59473
54 45561
53 63912
52 18396
51 74326
50 68698
49 79510
48 16215
47 41755
46 60581
45 88767
44 33569
43 41034
42 89871
41 17724
40 25442
39 75430
38 39198
37 42720
36 97534
35 17911
34 97766
33 3414
32 68698
31 66011
30 240
29 46352
28 44692
27 31509
26 88079
25 67063
24 40222
23 85609
22 2837
21 67802
20 61605
19 1343
18 86487
17 17950
16 70320
15 90513
14 55533
13 86378
12 93583
11 91359
10 51373
9 88890
8 75769
7 33996
6 22731
5 35318
4 95821
3 38000
2 40142
1 94829
