500
500 94458
499 51207
498 32639
497 12278
496 16751
495 30988
494 71325
493 89137
492 40829
491 22647
490 11587
489 94458
488 34450
487 27692
486 80821
485 27377
484 24228
483 73181
482 97259
481 44116
480 91541
479 66641
478 29620
477 43140
476 44190
475 64503
474 29060
473 64860
472 63725
471 88151
470 46015
469 91939
468 24508
467 23482
466 77960
465 97110
464 94458
463 61144
462 78284
461 95755
460 69349
459 61090
458 21734
457 21577
456 65862
455 89640
454 21897
453 60820
452 79147
451 52793
450 18161
449 55155
448 91249
447 72270
446 79767
445 56054
444 45665
443 82129
442 47839
441 21324
440 62126
439 79767
438 45768
437 6691
436 77428
435 50514
434 15806
433 47178
432 35847
431 24228
430 2236
429 11528
428 12278
427 98864
426 54628
425 12278
424 63590
423 688
422 96851
421 91713
420 69716
419 88833
418 68271
417 54211
416 99909
415 3362
414 56620
413 39379
412 5435
411 42283
410 78669
409 88363
408 50895
407 94458
406 69229
405 96955
404 73411
403 65862
402 41853
401 27801
400 39379
399 39169
398 65264
397 15657
396 23313
395 53675
394 3262
393 64945
392 80821
391 38319
390 76263
389 37469
388 32662
387 82129
386 86276
385 37671
384 90577
383 54226
382 41779
381 59028
380 7527
379 64379
378 34144
377 56054
376 33433
375 45435
374 26440
373 31477
372 303
371 17745
370 70748
369 15775
368 77698
367 68786
366 28899
365 24828
364 50814
363 83685
362 98349
361 588
360 76240
359 91939
358 97754
357 2583
356 89252
355 14912
354 11305
353 39658
352 71325
351 45712
350 28052
349 97837
348 24993
347 31796
346 98171
345 96068
344 41479
343 41381
342 70021
341 67288
340 2867
339 69137
338 41634
337 91540
336 99294
335 24977
334 27506
333 65804
332 63623
331 5163
330 45618
329 46439
328 18775
327 48490
326 39924
325 30381
324 25879
323 41527
322 67798
321 99423
320 87755
319 39618
318 45736
317 88958
316 63530
315 44504
314 24207
313 33680
312 52929
311 31477
310 84203
309 89578
308 81260
307 11204
306 49060
305 69138
304 62592
303 24243
302 70491
301 26337
300 35358
299 56574
298 50895
297 47585
296 81765
295 72190
294 29733
293 66827
292 65404
291 99184
290 40540
289 65862
288 22351
287 50440
286 28973
285 29269
284 79550
283 60551
282 2583
281 57652
280 86001
279 65905
278 29971
277 90664
276 39497
275 26152
274 18549
273 70539
272 18952
271 57355
270 48546
269 72988
268 74421
267 19761
266 18254
265 56564
264 97783
263 65625
262 90441
261 81211
260 68992
259 5040
258 44281
257 25200
256 94458
255 10231
254 43128
253 1227
252 55891
251 13066
250 62700
249 16192
248 82975
247 98469
246 23148
245 44880
244 490
243 36082
242 76796
241 43128
240 40753
239 52525
238 63315
237 37671
236 87287
235 45665
234 45401
233 81765
232 10219
231 61144
230 1335
229 17028
228 59099
227 81491
226 48769
225 21408
224 93098
223 79868
222 14681
221 22438
220 85036
219 80086
218 96190
217 21634
216 36431
215 12154
214 80794
213 71207
212 79794
211 30329
210 57455
209 28291
208 88891
207 42253
206 63516
205 23591
204 89024
203 86016
202 14735
201 68786
200 17147
199 49060
198 10888
197 28776
196 8090
195 76471
194 63347
193 56778
192 490
191 36912
190 70176
189 42666
188 33271
187 76485
186 6892
185 96296
184 87968
183 97723
182 27674
181 36214
180 75272
179 65206
178 60730
177 72366
176 88533
175 89137
174 95166
173 30207
172 29957
171 27801
170 2559
169 97683
168 51409
167 26032
166 79362
165 21519
164 65470
163 52548
162 78267
161 1129
160 6691
159 91133
158 80694
157 21734
156 49635
155 28019
154 71803
153 24730
152 11639
151 32470
150 65696
149 93230
148 24833
147 98532
146 83808
145 120
144 24228
143 46734
142 11639
141 55587
140 59584
139 46943
138 88628
137 22895
136 26342
135 20963
134 74676
133 1873
132 83524
131 76578
130 15903
129 92536
128 14819
127 27449
126 18928
125 58679
124 32284
123 44478
122 90236
121 41641
120 46451
119 65264
118 85278
117 77993
116 72673
115 85278
114 48616
113 16192
112 87196
111 85043
110 17227
109 65017
108 56499
107 28291
106 43034
105 67320
104 1106
103 84904
102 66868
101 82697
100 89300
99 74036
98 62590
97 71675
96 3754
95 94908
94 3692
93 56451
92 16192
91 40829
90 63623
89 13144
88 71063
87 27059
86 56054
85 72151
84 96318
83 58939
82 60098
81 48183
80 66484
79 86547
78 2193
77 36082
76 59067
75 79770
74 82090
73 46608
72 65776
71 61273
70 52215
69 88960
68 82129
67 28162
66 83546
65 9088
64 77774
63 64253
62 90686
61 66243
60 41775
59 36082
58 82811
57 30485
56 34872
55 41232
54 3689
53 92401
52 760
51 50058
50 58695
49 5320
48 97128
47 84273
46 19649
45 94908
44 98163
43 74349
42 11450
41 89578
40 19002
39 75485
38 15656
37 18254
36 18885
35 71352
34 75444
33 48856
32 45556
31 34144
30 86084
29 56180
28 33929
27 37103
26 32003
25 27404
24 86962
23 31513
22 20493
21 9289
20 64998
19 83997
18 46005
17 83846
16 50815
15 35919
14 68304
13 14450
12 94516
11 3154
10 90550
9 61008
8 47998
7 36685
6 4892
5 10888
4 51409
3 43641
2 88315
1 512
