500
500 236
499 774
498 1522
497 7610
496 1601
495 1951
494 1981
493 2043
492 2119
491 2273
490 5570
489 2319
488 2363
487 3598
486 3654
485 7782
484 8909
483 4171
482 4387
481 2301
480 11244
479 5734
478 3761
477 6506
476 6882
475 7017
474 8735
473 7928
472 6506
471 7859
470 1565
469 8102
468 8350
467 8379
466 8571
465 8626
464 8700
463 7495
462 17369
461 8948
460 8963
459 9272
458 9386
457 4157
456 11872
455 11845
454 10594
453 10888
452 10882
451 13007
450 4870
449 11389
448 10217
447 9784
446 13673
445 17584
444 12398
443 22498
442 16056
441 12657
440 10631
439 13643
438 13665
437 12202
436 13820
435 13914
434 15565
433 15313
432 9601
431 16290
430 12534
429 15644
428 16366
427 16590
426 16593
425 16637
424 16830
423 25212
422 16942
421 25761
420 12314
419 18552
418 25363
417 18552
416 18830
415 18899
414 19510
413 20133
412 26176
411 19787
410 20701
409 20488
408 20175
407 20701
406 18744
405 20967
404 21788
403 21888
402 26674
401 12422
400 22647
399 22943
398 29603
397 29847
396 23366
395 23743
394 24073
393 24620
392 24030
391 24161
390 24371
389 24055
388 24643
387 25053
386 24855
385 24995
384 23298
383 16933
382 20865
381 15554
380 25633
379 25633
378 25861
377 25863
376 26305
375 20124
374 22009
373 26824
372 26876
371 27045
370 27169
369 27218
368 27949
367 23298
366 28482
365 28828
364 29137
363 24854
362 29338
361 29609
360 28302
359 29856
358 30788
357 30422
356 31452
355 30500
354 30500
353 30422
352 29945
351 30561
350 31550
349 31784
348 33108
347 31876
346 32658
345 32855
344 33152
343 31876
342 32975
341 33155
340 33183
339 33419
338 33555
337 34293
336 33764
335 33866
334 33900
333 34078
332 34149
331 34149
330 34178
329 36352
328 34293
327 41407
326 34619
325 35391
324 35702
323 35709
322 35746
321 35846
320 36084
319 37750
318 36405
317 34499
316 36630
315 36703
314 36703
313 40514
312 37017
311 36776
310 37459
309 37729
308 33585
307 37914
306 38250
305 38431
304 38538
303 39691
302 40981
301 39848
300 39851
299 40324
298 40506
297 37243
296 40618
295 40960
294 39727
293 41045
292 36425
291 47987
290 41682
289 42195
288 42360
287 46411
286 42481
285 42936
284 42991
283 42991
282 45140
281 43297
280 43303
279 43755
278 43541
277 43741
276 43510
275 44113
274 45918
273 43171
272 47412
271 44572
270 47080
269 45135
268 44195
267 47527
266 45696
265 44179
264 45934
263 46094
262 47996
261 46135
260 46190
259 46185
258 46252
257 46256
256 42424
255 46527
254 44698
253 46094
252 47440
251 47444
250 45355
249 54135
248 47987
247 50874
246 49545
245 47996
244 44297
243 49338
242 48368
241 48874
240 49255
239 49193
238 48336
237 54678
236 49843
235 50160
234 57355
233 50311
232 50381
231 50464
230 50786
229 51182
228 52898
227 50911
226 53113
225 41453
224 51839
223 50982
222 50886
221 53083
220 52040
219 50160
218 53349
217 53560
216 53610
215 53943
214 53995
213 54113
212 47779
211 54568
210 54670
209 54675
208 47987
207 55086
206 55345
205 55546
204 56701
203 55991
202 56143
201 63179
200 56190
199 56506
198 61106
197 58288
196 56703
195 57437
194 61677
193 57205
192 57310
191 53168
190 56811
189 57702
188 57797
187 57125
186 55719
185 70623
184 61982
183 59021
182 56151
181 59079
180 59573
179 63113
178 59971
177 59649
176 60941
175 56506
174 58325
173 69666
172 64973
171 59024
170 64599
169 62771
168 75464
167 72085
166 61961
165 63567
164 63895
163 57801
162 64173
161 67462
160 64511
159 72521
158 62308
157 64673
156 58465
155 65193
154 64038
153 66044
152 66101
151 73457
150 66959
149 68920
148 67072
147 64340
146 67593
145 67734
144 68051
143 68303
142 68907
141 67222
140 73034
139 65907
138 82781
137 70826
136 61624
135 71202
134 73344
133 71652
132 61379
131 72179
130 64583
129 78017
128 76632
127 73010
126 69096
125 75416
124 84901
123 78288
122 66782
121 62773
120 73622
119 73678
118 74839
117 75265
116 77117
115 76179
114 73529
113 73041
112 76197
111 76259
110 76398
109 76502
108 76581
107 86628
106 72760
105 77891
104 75146
103 89891
102 79258
101 78496
100 71270
99 78976
98 84438
97 78496
96 79370
95 79983
94 86506
93 85676
92 82109
91 73158
90 82628
89 92573
88 82781
87 82975
86 83951
85 89493
84 91460
83 84691
82 82124
81 85172
80 81819
79 80966
78 86607
77 86750
76 72874
75 86622
74 86789
73 87041
72 87435
71 88320
70 91277
69 88413
68 88520
67 89261
66 83620
65 89572
64 78248
63 90301
62 93218
61 90455
60 90699
59 90787
58 90791
57 91022
56 91198
55 93588
54 94375
53 90311
52 94640
51 91559
50 91544
49 91460
48 92285
47 91968
46 93252
45 79131
44 69684
43 92674
42 92802
41 92899
40 91372
39 92334
38 93566
37 95160
36 93656
35 94198
34 88320
33 91822
32 94838
31 94954
30 96071
29 91213
28 97053
27 97649
26 95116
25 95788
24 96157
23 96228
22 95190
21 97065
20 97125
19 97277
18 99441
17 95642
16 97707
15 97999
14 98074
13 99583
12 98492
11 98904
10 98910
9 99430
8 98920
7 98920
6 99434
5 99444
4 98091
3 98910
2 97496
1 99801
