500
500 185
499 1325
498 1081
497 7226
496 661
495 268
494 1165
493 7580
492 3282
491 1467
490 1550
489 1569
488 1714
487 2420
486 2257
485 1984
484 4253
483 3100
482 1153
481 3603
480 3640
479 3847
478 7574
477 13135
476 2547
475 4319
474 4685
473 4699
472 4699
471 10281
470 16877
469 5048
468 5908
467 6048
466 6301
465 6301
464 15861
463 6476
462 6730
461 7226
460 13341
459 7475
458 4105
457 1263
456 7959
455 8197
454 8672
453 8970
452 9020
451 9262
450 9665
449 9733
448 15253
447 11445
446 10454
445 4875
444 11648
443 9746
442 12431
441 12564
440 12564
439 18017
438 12769
437 4119
436 697
435 13671
434 13756
433 13764
432 13972
431 14151
430 14500
429 14796
428 16945
427 15491
426 15734
425 15747
424 17887
423 15954
422 21287
421 5040
420 11823
419 12564
418 19282
417 17669
416 24013
415 17982
414 6458
413 19020
412 22569
411 18265
410 18310
409 18947
408 18127
407 19170
406 26591
405 19257
404 17177
403 16708
402 19468
401 19529
400 19563
399 19624
398 19635
397 20120
396 20980
395 20152
394 20394
393 20844
392 26241
391 20661
390 20142
389 19352
388 21287
387 30516
386 21905
385 22065
384 22134
383 22227
382 18017
381 22904
380 23818
379 24502
378 24723
377 29611
376 17048
375 24174
374 29967
373 30977
372 25028
371 32935
370 25106
369 25160
368 25569
367 26089
366 25781
365 29266
364 20596
363 30750
362 26525
361 26967
360 26732
359 38440
358 19181
357 27943
356 28552
355 24204
354 24747
353 28644
352 35567
351 30023
350 30059
349 30148
348 25032
347 32523
346 30550
345 33989
344 26381
343 24778
342 30977
341 31212
340 30685
339 32311
338 21827
337 31950
336 32790
335 32811
334 36578
333 32900
332 30388
331 35405
330 32579
329 34234
328 34621
327 34637
326 34864
325 34896
324 34939
323 35003
322 35245
321 35252
320 41607
319 35548
318 26323
317 35967
316 35992
315 36089
314 40395
313 39088
312 36822
311 36828
310 37753
309 41766
308 37753
307 26739
306 37374
305 33754
304 38531
303 39004
302 39040
301 32895
300 39636
299 39701
298 39863
297 40755
296 40371
295 36105
294 40212
293 42577
292 41587
291 43063
290 41633
289 49637
288 41972
287 42085
286 42565
285 42373
284 42407
283 42466
282 47813
281 42254
280 43349
279 42858
278 42893
277 37995
276 46881
275 43168
274 41383
273 43562
272 43602
271 43752
270 44434
269 44490
268 44813
267 44954
266 49724
265 45623
264 46063
263 48007
262 47270
261 46620
260 46764
259 46759
258 46216
257 47205
256 42923
255 47299
254 47410
253 47444
252 42560
251 48576
250 47782
249 51841
248 47682
247 48378
246 45120
245 53733
244 49409
243 55616
242 49236
241 47495
240 37459
239 49732
238 54153
237 50199
236 50492
235 51002
234 50543
233 51841
232 52027
231 46202
230 51979
229 52302
228 53910
227 52390
226 53597
225 52334
224 52390
223 53780
222 56549
221 52390
220 53597
219 48982
218 53743
217 53780
216 52778
215 53810
214 52390
213 54059
212 49732
211 58277
210 54256
209 54630
208 54733
207 54747
206 54941
205 54854
204 57331
203 55278
202 55544
201 53530
200 56043
199 56267
198 49637
197 56986
196 56901
195 57163
194 66413
193 57270
192 54780
191 57417
190 57588
189 57797
188 57812
187 57857
186 62471
185 57873
184 58180
183 54235
182 58421
181 62645
180 58673
179 59259
178 59355
177 60415
176 60496
175 61851
174 61690
173 61422
172 62107
171 62199
170 58012
169 62469
168 62625
167 58493
166 62645
165 62943
164 63043
163 64733
162 64514
161 64052
160 64819
159 64832
158 74200
157 66143
156 57245
155 66387
154 66548
153 66609
152 67077
151 67077
150 67197
149 67664
148 67808
147 67953
146 65942
145 69752
144 69903
143 70430
142 71153
141 71167
140 74501
139 71957
138 72129
137 72526
136 72947
135 81909
134 73521
133 74184
132 68682
131 71910
130 74598
129 77333
128 74819
127 74893
126 75094
125 75299
124 75624
123 75783
122 75973
121 76742
120 78584
119 76055
118 76536
117 76587
116 84646
115 76240
114 87773
113 74817
112 77738
111 78084
110 81283
109 78487
108 78535
107 76207
106 79277
105 79296
104 80390
103 80442
102 78307
101 81801
100 81356
99 80563
98 84686
97 81526
96 80902
95 72969
94 84895
93 82053
92 82244
91 86646
90 87757
89 83006
88 83843
87 84030
86 84604
85 90223
84 81278
83 88190
82 81909
81 84992
80 85289
79 85588
78 88459
77 85680
76 92441
75 86480
74 86218
73 95065
72 82660
71 76951
70 85894
69 88755
68 87533
67 93791
66 82952
65 87218
64 88000
63 88157
62 84873
61 76711
60 96158
59 85607
58 88666
57 87401
56 89070
55 89164
54 89857
53 89939
52 97556
51 88266
50 92918
49 91582
48 92770
47 90936
46 92222
45 92269
44 87378
43 87642
42 93948
41 97408
40 92071
39 92993
38 95752
37 93137
36 93513
35 93114
34 91766
33 95544
32 95706
31 94764
30 88385
29 85985
28 98703
27 94741
26 93540
25 95052
24 96302
23 98402
22 96800
21 96801
20 97063
19 97307
18 92666
17 97447
16 97506
15 90088
14 97692
13 97708
12 96660
11 98240
10 98402
9 97713
8 99710
7 92681
6 98703
5 98779
4 98520
3 99488
2 98958
1 99767
