500
500 95
499 185
498 95
497 401
496 5338
495 677
494 794
493 1552
492 935
491 1497
490 1335
489 4815
488 2813
487 3086
486 3492
485 3600
484 3769
483 3627
482 12287
481 4524
480 13460
479 7255
478 5014
477 4245
476 5352
475 5415
474 5709
473 526
472 6726
471 5782
470 7156
469 13017
468 2383
467 7573
466 17042
465 7777
464 7856
463 8229
462 10295
461 8276
460 8338
459 16690
458 9709
457 17858
456 9907
455 10050
454 10177
453 8033
452 7679
451 10621
450 12673
449 13594
448 11476
447 6859
446 12362
445 12423
444 10655
443 7229
442 8565
441 4624
440 10899
439 13602
438 18041
437 14199
436 15491
435 13786
434 10540
433 15079
432 15361
431 16024
430 15583
429 13784
428 16445
427 16538
426 16600
425 17000
424 16857
423 16897
422 13030
421 13688
420 17106
419 17796
418 9902
417 13721
416 28949
415 18279
414 19606
413 20586
412 20606
411 20963
410 21003
409 28710
408 25099
407 26860
406 22319
405 22394
404 22424
403 22737
402 22922
401 23019
400 24863
399 23186
398 23194
397 24077
396 30942
395 24611
394 25175
393 23040
392 25104
391 22071
390 25835
389 28561
388 24612
387 25733
386 25933
385 26693
384 31443
383 21263
382 26752
381 22100
380 26935
379 26752
378 26992
377 29660
376 27204
375 31052
374 27791
373 27930
372 28405
371 25263
370 28654
369 30716
368 26960
367 18205
366 26734
365 29266
364 29488
363 29520
362 29620
361 27052
360 30976
359 29986
358 30087
357 28654
356 30147
355 24387
354 30806
353 30976
352 38112
351 27497
350 28861
349 32575
348 32535
347 32087
346 32778
345 32907
344 33489
343 33551
342 33767
341 33803
340 37236
339 34227
338 34260
337 34450
336 35898
335 34859
334 34964
333 35044
332 35915
331 37444
330 35823
329 40596
328 35265
327 33873
326 35993
325 35997
324 36194
323 47782
322 36800
321 37192
320 35918
319 35332
318 38012
317 29919
316 38256
315 39642
314 38713
313 38799
312 38799
311 38799
310 39046
309 36486
308 39067
307 39173
306 39423
305 38410
304 39642
303 39874
302 39882
301 40267
300 44596
299 40302
298 34450
297 40770
296 42238
295 41573
294 43858
293 43505
292 42250
291 43480
290 42865
289 49927
288 47237
287 43554
286 43684
285 43715
284 43723
283 43724
282 42106
281 44293
280 39079
279 40282
278 49744
277 44818
276 44818
275 44940
274 53230
273 47020
272 45395
271 46081
270 46351
269 45144
268 48702
267 47135
266 43547
265 44460
264 47863
263 47901
262 47901
261 47931
260 47931
259 47931
258 41337
257 48341
256 48280
255 48341
254 48561
253 59024
252 48747
251 48703
250 50948
249 48975
248 49301
247 49596
246 44630
245 48587
244 50077
243 50356
242 45052
241 50948
240 47111
239 51091
238 51116
237 51608
236 51871
235 53535
234 50687
233 52729
232 56397
231 56070
230 52701
229 54266
228 53378
227 58184
226 53143
225 53573
224 58610
223 54245
222 52729
221 54329
220 54421
219 54658
218 54675
217 53791
216 55600
215 62414
214 53014
213 56579
212 53009
211 57427
210 56790
209 57153
208 57780
207 66534
206 57949
205 57417
204 53408
203 58375
202 54840
201 58655
200 47987
199 59048
198 59105
197 59738
196 60196
195 60272
194 60572
193 60779
192 60945
191 63798
190 61020
189 74390
188 61582
187 61721
186 62975
185 64202
184 63055
183 70818
182 65617
181 55683
180 60991
179 64461
178 64951
177 64988
176 69425
175 63273
174 65575
173 65576
172 73560
171 65886
170 66087
169 56370
168 65097
167 73177
166 67116
165 67798
164 67847
163 67861
162 67888
161 68492
160 68638
159 69018
158 71486
157 71639
156 73224
155 74390
154 69789
153 70312
152 70549
151 65358
150 70883
149 70978
148 70988
147 61571
146 69380
145 75846
144 67075
143 71893
142 71692
141 72313
140 72412
139 72552
138 67136
137 74286
136 63480
135 73566
134 73993
133 69704
132 71002
131 79410
130 75158
129 74591
128 74591
127 84040
126 74823
125 75028
124 74578
123 75225
122 79754
121 75694
120 75823
119 71618
118 77131
117 76415
116 81858
115 75859
114 79773
113 78212
112 78212
111 85216
110 78620
109 83299
108 79050
107 69751
106 80835
105 79628
104 83391
103 77619
102 75296
101 80365
100 80093
99 89597
98 79007
97 90889
96 79827
95 76676
94 81949
93 82515
92 82515
91 82612
90 89812
89 83176
88 87560
87 81485
86 83461
85 83736
84 78490
83 79414
82 92359
81 82703
80 84786
79 84838
78 84854
77 85162
76 83857
75 86210
74 86238
73 87158
72 86859
71 87032
70 88081
69 87428
68 81077
67 86436
66 88081
65 88209
64 88242
63 88268
62 88906
61 89174
60 89352
59 83934
58 92731
57 84040
56 89915
55 90382
54 90493
53 93140
52 81140
51 91499
50 91590
49 91657
48 92041
47 74785
46 92426
45 92881
44 92591
43 89742
42 93697
41 93002
40 93039
39 93061
38 90493
37 93296
36 94467
35 92481
34 94061
33 94192
32 93361
31 94815
30 95083
29 95242
28 95256
27 95644
26 95769
25 96809
24 96846
23 96850
22 96978
21 97039
20 97986
19 97396
18 97544
17 97663
16 97691
15 97691
14 97692
13 97331
12 98078
11 98254
10 98272
9 98524
8 99043
7 98766
6 98950
5 99043
4 98689
3 99726
2 99835
1 99960
