500
71897 80972
59824 80231
91335 11359
37689 76316
5441 19480
37258 28216
3666 27124
88094 15284
57722 57587
35293 72268
10467 25185
29365 50455
49609 16072
84604 45215
96220 60312
13607 6785
85467 19778
21279 95286
12610 39500
37061 55017
2786 7473
75632 34219
74620 24902
88516 13839
57509 46891
70182 88496
87962 59266
19300 61563
62349 98013
95669 91126
54815 31724
43868 50914
59094 42624
32387 31187
84614 20577
1241 69866
77202 62236
81107 85887
6113 26704
6096 86981
38420 46441
23922 67694
36983 83061
26255 28069
91335 60464
79473 16746
3666 49585
62437 71377
23134 85318
64603 71699
23051 50455
81001 92111
77734 39108
3055 25474
66599 38273
41427 36354
99439 39081
40168 76577
89047 10002
66222 79964
31362 22943
4346 92562
98542 78054
55612 94969
8831 89686
94177 69120
88156 580
20406 76316
47151 55969
5250 31548
2808 51557
85721 32635
55228 53984
15987 52991
31846 66900
19300 4928
73283 14822
94989 63183
32075 17011
78990 41853
81281 27877
61622 26704
3192 71142
61309 82958
9 34543
31182 67752
6861 49625
53713 83318
6953 54946
40804 84734
43368 77543
60308 83475
31868 54690
51467 67698
20844 36112
19300 34817
36011 63940
79136 27573
13399 43959
55023 18341
9983 13071
29459 9437
76791 36093
92087 11468
38049 93378
77734 3917
45527 47307
59331 48404
51865 22251
94330 53418
55027 26704
43745 45038
9 28133
30135 7840
18982 19778
38617 56185
47151 55710
27711 71423
98627 82504
72804 84696
98903 30967
35485 8126
13607 45400
99726 24892
3000 75959
24917 88861
25165 85934
5809 12367
9431 10526
58104 59764
87237 75136
10966 51966
32905 76112
92172 80295
93223 77039
42108 10569
79946 76097
51484 56221
97214 62650
42046 67904
6953 44797
15987 33243
27536 16321
81948 98994
60308 50216
58423 58895
81502 4677
55482 14815
51484 84696
52675 41054
57046 99563
98872 21374
21508 12367
4034 42465
55482 33974
11885 59685
39132 24281
97924 9344
32395 90366
17357 61415
9450 49794
86338 16136
83234 5864
25573 36099
66864 63423
54471 26512
97924 48608
2668 59100
3829 75458
16221 28348
7788 9359
99326 58544
91057 35307
42542 2121
4951 21466
85296 13154
15595 70510
71879 95396
98563 90072
11760 86467
63048 68213
96073 14468
99900 74940
40789 16201
27983 62119
48044 91459
17393 33678
21178 41545
68949 73819
3288 95340
4735 87918
16489 44010
29227 10800
1188 51257
93786 11632
99460 21374
19300 83492
20936 89843
1194 7150
26723 716
93627 90889
59824 98876
80706 26704
4735 16868
71840 65202
75162 57175
98443 40365
87246 97321
40825 7986
20406 44013
62441 50680
26723 2121
31929 36846
99726 21374
64603 5191
97423 4901
4193 47780
93816 73064
55228 69183
59330 34845
26933 12038
15803 35716
29920 77543
5062 23697
7771 81892
2334 64626
67923 43584
28748 8149
76165 80295
14911 99496
31735 18406
90807 31762
26723 65519
31929 19655
51767 73845
34736 59100
87745 87819
91148 78969
98627 92562
29192 81336
18135 68301
96083 38435
25808 47780
16842 63297
89937 82689
53870 5996
59824 74716
25244 38428
6953 94370
9129 75527
18523 5684
83551 80295
58801 64734
87215 57618
59727 74880
99977 21374
20025 96042
47754 75021
5460 1092
3829 24828
61172 1760
70368 14702
55659 65676
45874 14369
29431 8469
57213 68213
12809 80354
55612 31538
89937 580
18284 32671
65187 37653
4800 50809
3948 20166
66537 9310
70310 88552
32634 34190
95178 53418
90536 65695
88156 46591
35918 33974
70680 90981
43672 35505
17726 38445
46094 66365
57560 63068
400 63163
30318 30644
88516 11359
57391 75274
72348 16746
97297 62558
25197 60658
5361 21568
47820 80308
16334 29087
79974 37188
6346 85667
66550 37168
70167 94106
33851 16408
84842 21674
8961 61796
18617 91203
46158 20419
3014 68195
84995 73084
8781 84001
17450 51248
69144 79137
29192 18508
97924 99359
94989 68489
58801 57587
91493 10379
95344 70061
25070 70510
91057 1843
55593 26512
62868 48633
45874 85288
55760 6210
29429 94181
9064 40020
16491 85340
53354 70985
99726 90014
10710 11351
26933 22352
88156 98869
24368 87682
87045 5406
70094 87318
72170 91681
90935 46253
97924 28576
29192 54435
99334 58544
6294 62396
94261 88889
91057 49709
50815 91872
4346 42715
93507 26719
90993 46915
32948 92339
4193 95086
15422 70510
95669 14700
75743 34801
42493 22608
87237 86087
40269 73976
3931 82434
38011 29020
17990 12747
97635 56825
51751 60005
15818 23222
5043 18040
62618 49585
60498 61573
485 12862
19300 96329
34979 71345
14588 44106
20844 92323
18284 30644
87924 85732
24288 70985
29192 13563
31267 30152
91471 21374
99326 31054
2293 8300
58061 95158
62791 27789
58668 13187
92477 97372
8745 16338
34425 34001
83498 45019
55228 63940
91127 53784
18617 56777
29218 14822
59824 29845
41270 77569
60134 54690
66222 50055
15682 25954
62534 83224
96875 76184
39683 81083
58423 10930
93507 88980
9847 68221
52180 89430
42253 21890
38312 24892
78205 49585
19196 71779
58668 69011
14090 59164
67923 1710
40897 51478
25926 25966
21279 81862
26891 91752
4800 1413
93838 86042
4093 53199
11885 14603
24858 68114
70233 83158
70233 14815
78746 36053
58668 5868
91217 13839
99361 74940
21227 14537
20597 70687
15032 76889
49641 78097
3666 98110
37155 80769
8498 16271
55228 11468
8639 35587
76165 76184
55836 31844
9685 66180
35382 27453
75293 38604
66867 21674
17450 7569
15032 47939
51484 5743
20844 1235
85039 69210
3829 50076
3014 95121
55475 27914
63884 45230
93146 9050
46854 43584
85039 11244
19300 24463
55284 76997
68909 45934
15395 66087
25197 31019
57861 90096
44700 16746
99726 50850
32090 30117
77102 97361
90249 98450
19300 75904
3829 17543
87767 47780
3793 6356
56702 40365
90689 95286
19014 64636
96919 50085
75131 53
41616 8045
59330 28780
16221 61985
68265 4857
61872 70032
92172 86461
57779 65261
35382 98869
22942 10528
66222 36053
7688 24828
62413 44183
20233 25688
89952 35307
52930 94150
98905 35499
52901 60865
76336 46974
72185 23609
29192 33372
47713 60658
76210 5406
31735 70510
93816 68265
32081 76014
56702 76769
56702 95698
68572 23559
11224 55294
7771 47903
53927 42400
22759 71173
33968 93810
73322 11185
