500
74972 10949
42527 15678
15897 18322
65929 20991
50440 63774
39844 60133
37039 77851
18301 36902
7741 61349
60182 12623
88973 96028
31096 20980
26397 29753
60452 3423
55501 4390
75871 96080
7274 59304
59239 48031
48560 75640
97626 96028
22836 30613
35740 1860
95849 50132
61797 8797
75233 87161
93860 79602
88236 80695
39462 49315
67508 41827
87017 49731
97675 31594
39373 7522
45600 94340
45305 32046
73984 65237
10062 8325
95365 54209
59239 6240
19490 60417
37344 79330
97612 32922
50399 41968
44992 83006
85305 49274
65544 77835
30156 82862
91222 25167
84551 59208
78802 29499
41128 92604
50399 71633
40358 91249
6377 22118
76880 49731
76115 53340
63826 87780
70236 4933
16372 46094
47347 63636
65793 25765
50715 24342
41125 56097
14214 75077
64158 23620
21558 2141
9523 17073
9898 39559
10062 60230
80047 21146
17502 55433
52440 68507
7743 83357
74173 62964
60182 27003
92060 76430
6036 79226
21355 99189
44965 38062
50399 75518
45938 78279
55137 41515
65543 46833
71174 2479
43038 18686
69918 54671
98254 28315
68875 43454
56489 94065
21927 93656
41230 21213
22845 24469
40490 51286
71288 46539
15149 38214
69981 69093
72750 40682
19176 37841
90110 10766
50399 53340
8091 14486
32810 79570
22980 92051
75237 83062
1729 41633
17966 28544
41125 84530
38045 30279
74725 90885
49408 66872
8647 42884
69649 84680
9469 16015
20560 13200
75102 7148
34636 95728
54628 46136
4184 71018
69362 42008
45201 51216
65544 10653
31309 69727
50399 53340
73769 47431
34733 46694
57313 26554
34479 76315
10082 44589
69027 19801
22936 47318
45443 74384
18892 55359
31119 26280
28234 42349
49703 68766
28585 7148
71971 89775
50368 6550
71990 20843
53143 69579
16501 73001
536 21469
10062 60370
50399 32226
1997 90477
16423 4461
44431 65697
30799 52852
44361 43052
57307 79599
32346 15678
54628 54426
29346 62104
50399 35099
38528 15053
68990 5482
18861 22427
15235 36921
18830 54361
20324 10653
68922 69039
4993 40424
61797 34146
72425 38062
67672 20792
54649 40754
8632 27628
18830 21899
30156 20718
75344 67174
90717 52650
75886 57427
650 42982
65544 83117
90110 14723
5610 90521
38284 71293
14005 79490
4528 78741
90864 81358
62629 17829
72881 98939
54213 70374
75432 42096
63131 69855
44965 5022
46851 74641
76958 18196
28585 95663
91969 38214
81628 94399
56839 53111
38637 15168
54628 40638
42455 27300
62629 82802
91832 29233
28234 58738
15611 33044
50399 86129
6473 47407
7274 72463
93113 12028
44718 1444
92383 87617
35740 64324
15788 63087
60799 68617
54510 64091
84551 59477
42452 1428
28585 39788
81628 68167
41157 28315
94452 74173
54496 22404
36557 10974
41372 58762
12346 27704
1845 25493
1 47640
49063 23130
9464 24388
52579 28585
18219 99014
41157 37963
28170 2360
1845 36911
41128 19291
40106 50080
66868 35385
14214 43739
33071 1928
64430 61496
4860 576
73551 49329
19176 76335
74725 6827
41788 16432
99697 46833
76231 24072
95356 36066
61509 49676
99228 37899
26397 96956
88419 12623
12167 29598
14454 12474
6043 81288
54138 35232
44863 95690
12698 72438
55558 72644
91751 85889
21968 4732
32712 34362
41128 26326
77881 76268
32361 21146
19748 28585
63802 36972
67999 67608
42830 68920
95896 46833
48482 4038
71867 5893
71431 88951
8760 50572
6727 94296
22936 96487
35154 49164
28234 67076
3129 85457
16280 89094
33780 73628
23794 38744
96470 89608
39710 33846
57015 50881
70663 50132
69849 37491
54828 55355
76744 36289
14753 44695
37879 69484
18830 67441
62185 71248
74887 31674
61303 31673
76823 7148
10635 44695
52754 69339
28851 91925
19557 8027
78150 55630
35154 8212
78358 97026
86355 16951
77500 76315
63778 66672
66077 27939
569 85192
84973 76430
52231 43084
90347 31808
23313 84846
76072 96811
74445 89500
81636 31708
28629 21530
74627 42096
36763 33848
39373 68623
55676 33023
58355 89309
78142 81358
18933 27286
27463 28556
42830 28034
81199 79599
15810 64635
68990 18582
40341 1286
7448 17173
19176 5551
18734 35786
90717 23188
76958 77924
11778 66077
23352 2232
17751 77385
55598 41869
28717 3143
72750 81358
28453 58384
88467 88446
10994 92143
25874 60445
49063 70178
25945 7341
73923 55723
8632 52108
68794 51855
97639 13353
47556 51302
57313 38230
99662 46833
95129 62735
48726 31271
26033 54941
32019 65492
3677 66449
54539 1444
17502 46490
40221 68766
2862 15401
55558 64774
57313 16785
17966 87328
11071 85183
16712 2372
50399 13572
29170 59466
19176 11946
17915 30216
29819 10950
38066 32772
50399 2009
90894 48333
73585 44498
79534 66076
94188 53928
45201 11405
36033 40101
69849 33846
44579 60133
4287 63495
66077 42543
76958 98719
84551 2916
96633 55981
13482 15600
36542 47904
61218 33023
23352 49731
59154 10993
19748 62857
88294 34647
63802 49990
30290 21308
21355 23579
82560 85308
53347 4259
57307 79537
81143 19986
5520 34007
76478 8578
23756 81730
30561 50896
38854 4556
50373 61641
26000 78878
39373 77924
44965 77418
30711 10358
87171 17539
48458 43060
4057 18465
47231 2377
31145 87445
25580 81288
62350 39519
46858 85889
78868 52850
38045 80329
96099 36911
57390 54602
6197 46562
59525 72865
45402 17067
50130 15168
8273 58174
92585 28913
15900 7855
30711 87871
13307 29283
17475 56063
19626 53080
74441 4808
11939 72759
2436 79080
39557 55667
13208 77924
15279 87061
50373 25696
66228 13451
39557 5208
45201 70353
86797 38214
65099 87161
18830 83515
24124 92245
49460 90489
20568 62089
80433 23045
1729 7561
54231 21230
63826 15168
22050 79657
73551 99665
91381 92833
41125 36892
2530 54278
15602 24
25970 90617
28949 5142
22218 91991
37657 37495
30124 71613
12022 12344
28453 55071
24798 66047
25414 66076
79491 92761
99820 2083
97001 42424
4684 31340
54628 78350
17502 35512
11945 33846
82063 10226
693 15616
57556 7148
40490 79115
5198 57602
14280 42250
56360 83743
28733 17379
80986 61079
70250 41968
8273 82032
15158 77303
90110 80441
50399 58606
94188 10852
56169 52850
9924 59148
33870 33023
35154 15168
74244 20843
18667 94923
16305 53332
64158 76564
97001 11220
39557 35775
56169 79816
61218 72521
80783 63056
19176 79563
28336 33453
18280 7816
