500
96665 35767
67704 27273
52390 70756
51533 60642
67314 29031
50960 86713
29414 62491
25761 76879
88659 65241
93233 41285
87436 74136
34073 43517
62762 91829
7884 96862
88659 13534
44714 16806
25422 40378
73340 35159
93487 68627
28095 99379
73750 40386
2475 96243
40091 49696
29083 56289
95386 59616
53779 31117
11897 70922
91316 32523
83441 8110
74698 48599
97432 92676
52237 27865
15986 5968
91316 22292
73855 62581
8222 22346
74666 55129
17576 21460
58831 58275
74277 76663
74629 25622
69483 4707
85916 54507
84105 65009
31716 99092
17282 71332
79074 27541
15631 94282
67314 13048
73713 81059
588 70306
89396 86546
65358 18716
42886 80584
95243 66952
26664 71495
95092 46942
11857 459
91196 78384
22521 71792
3088 5883
34882 79097
73713 57344
41464 46631
24790 46645
49935 93346
55735 65742
2319 9046
46747 59413
33507 85100
19029 17250
26540 29989
83317 46631
36965 62211
70997 98594
41431 58977
76485 86942
58900 53760
10222 71240
76639 75099
17806 84154
73713 41287
40758 22750
29196 24230
50960 45507
26338 68660
61036 19985
7063 74298
73318 7070
89996 70683
15334 70413
67555 99408
73150 47367
26333 29860
8119 84000
16446 40668
7063 69248
18130 68518
76617 16645
78786 33733
74337 94209
76896 69843
29083 62966
90282 31216
45432 91769
86378 37450
46568 95858
57332 84203
19321 71289
63996 47215
50960 48441
87431 1487
76981 307
29810 58543
33618 49547
19891 94209
38760 82585
66930 15984
98037 26573
54271 76233
259 62367
78703 27481
55048 50101
71440 87670
93942 58418
73150 85120
76176 23143
26333 85024
13006 25800
90840 1855
48066 78861
57635 28504
46568 3057
84346 61
58139 68735
98375 26683
19321 66598
59277 97330
5200 28984
57813 63301
55735 98884
26540 68518
75531 68735
31799 85945
42566 42227
73372 99660
52588 13259
15191 81444
87436 79368
79965 98517
86453 19382
85856 81821
75937 68812
93242 43027
17038 8069
80863 33070
75041 26501
30230 99031
71019 27035
3497 3485
51288 1354
81213 11140
43946 53399
73713 73280
74305 75004
76981 85461
13863 27687
97067 49570
34491 28162
71009 69626
89663 54507
96183 64366
28276 2920
56005 90792
55435 41802
57096 29209
52539 59322
56134 54028
87270 13534
13829 41501
31031 11550
67314 72639
99254 52029
95358 49570
9707 37970
28095 70801
19950 84203
41134 78725
15886 93001
24790 24511
31998 75091
67314 56599
16426 7771
85369 68851
92512 76602
17233 9620
19321 45701
44109 26884
96672 8035
62867 48762
78014 71922
47291 25419
315 66975
74666 36940
96271 49570
13525 25407
52390 57584
78240 27442
79041 66994
13443 36658
17038 55824
68024 56935
16426 22853
83559 41681
8775 30927
83562 38041
7135 25083
76639 19004
86560 99031
75280 75107
13626 97969
94646 83569
81548 3421
7063 64799
44122 30284
27701 99154
43124 33496
77342 7051
40975 54492
67849 60324
86720 51199
84395 8574
7785 45336
15924 8951
84105 5223
33574 67497
62063 61868
45448 87712
16017 18647
79041 47402
94418 60735
5239 72637
43972 81030
30718 43589
91122 8647
61740 33496
18728 46069
16155 54450
66930 36940
32088 76364
64281 42953
4573 74717
71773 45102
54866 52240
88944 30834
90499 29283
87283 72000
79041 94250
67314 71480
28095 27667
98641 52343
60416 9247
31750 84627
72199 426
5239 90747
11139 80282
67557 70604
37000 95334
29592 40721
87388 43517
81544 74742
41939 93822
49675 95736
15912 63248
30006 65162
35260 64162
44694 66042
38595 16645
17282 25894
94977 62438
52237 36965
9676 27489
54134 50101
73855 9526
82278 46942
88659 95127
98375 71768
52588 96336
11013 14607
77359 99552
73713 9599
303 95771
5239 84024
3088 79469
73340 17656
42206 74638
21591 29104
1742 28749
30358 36506
42485 93194
69483 307
28256 48086
19632 18374
16559 32003
38595 8318
19321 75990
26113 85291
30278 11464
75531 95854
3447 70247
61382 10390
74714 71978
92980 7235
90398 72000
18536 99411
77611 3913
19493 46942
17362 8069
65285 21711
14803 88509
69599 39667
92840 48193
19950 54894
58493 59413
66216 48599
10602 95987
95804 59454
94977 27081
5104 41764
60416 59126
61728 57035
82788 12883
64456 61961
48269 50428
58167 41782
62063 79097
1982 64459
66941 4820
85744 26167
49342 82999
97330 15293
20348 62733
1830 89519
48317 50578
91196 2264
66372 16899
92634 2264
74698 30020
34491 98006
46568 94940
26455 93001
15395 52343
58831 20342
25004 48379
78786 29649
1454 96902
26493 43517
95600 67726
30307 85623
67849 29972
80734 93510
54059 48096
63948 57441
8242 38084
13572 45423
73150 44259
88905 7235
53500 18795
21246 93459
77596 81418
91316 77147
6205 79463
99362 97908
56920 71319
89039 14802
59469 84100
50960 14905
93487 80412
57664 8574
47793 77180
46568 5070
85788 65602
23301 72213
64079 28440
22241 21069
14803 61927
765 34907
95822 64366
50335 26221
91316 21342
39322 97494
71440 72123
22238 86855
56134 6204
26881 23000
32394 17901
65381 90742
58602 48758
53346 88446
69483 94054
62063 45536
52237 79097
12612 59413
57635 52779
44852 52442
6205 79167
77035 93663
76894 72279
76896 97865
17038 38284
30617 3733
17175 47603
15886 48197
16559 1061
91091 58418
40437 84218
33391 82131
70497 9599
13591 48637
1637 66809
49012 67527
38867 68121
27103 43425
68924 96932
73696 35441
71440 18989
2319 68128
33507 94609
89996 72000
30066 21075
30617 3285
93426 49341
92869 95041
62063 58434
14803 67028
47667 26392
93408 11142
93465 17656
80861 75004
5104 34589
47301 95105
55091 78090
56152 93111
2610 44350
76916 51199
24502 61220
41389 20780
96504 39720
62897 15336
55303 92789
91628 87670
83751 2264
67849 65610
90531 95524
40500 28848
67340 58418
30718 49706
25761 57724
47996 21869
91196 63978
33574 39821
24790 33349
87436 12014
69912 69843
66398 68735
37577 51684
87791 41359
87042 16072
50494 61080
6205 91546
47289 60342
89050 50691
25275 72590
92207 4618
67849 13626
28548 1061
65975 82834
10986 91400
89077 85081
96485 55268
59051 69843
91628 65411
47823 81548
91316 80734
92522 96083
44672 93726
89424 63627
94541 89533
66930 6512
49038 16903
85916 40378
52237 68211
49012 79718
68118 49570
99279 75403
97060 67726
87015 75091
89707 62686
82824 33250
27701 76204
