500
30267 70924
50890 42210
5431 93686
37074 63314
88091 10370
56105 38553
73568 25317
92846 3552
73630 36135
25495 74768
37636 61607
48290 51981
48651 50042
68318 30513
50596 45695
78293 29180
96514 3174
89381 4142
16274 88112
52079 54086
33135 66799
78293 20940
87865 16501
84127 6264
91463 8191
20258 80441
85765 17194
31166 69256
2371 96761
33070 67612
35110 62652
46681 52897
52079 58095
32954 68483
6156 92801
83114 13033
81569 23786
20513 80188
18432 81889
54140 44380
26018 74543
24594 82095
66930 31164
4084 95780
45353 55269
77403 22417
46292 58302
84146 16757
65773 35032
12645 86058
9766 94070
40398 59509
96514 2780
48686 48751
23698 76054
58825 41381
31249 62597
44689 55515
12818 90494
6136 92871
96448 3179
22919 76243
21160 78904
51271 47724
33585 66750
83330 8398
54305 37298
49511 50413
35110 59519
59926 38800
69928 29471
41279 47027
36394 63268
34594 66118
15755 85780
29228 72108
51939 47580
62844 38073
11579 82413
86819 7946
4174 94308
27078 73708
30682 70412
84127 23169
50838 46337
18927 81242
22919 76583
28708 79762
65588 35696
35862 64229
46292 54177
52599 50361
31008 68995
99288 1044
73456 29970
25185 75468
44278 55923
98091 1555
35963 69157
5431 93762
52510 47002
87264 13543
98786 1167
88624 16152
85845 14511
93664 4736
84328 11794
37074 62074
32094 69149
85334 15614
86819 21242
66221 40999
36006 63750
95064 3649
65202 36088
51207 54831
43613 58372
77416 22226
37959 61383
60316 39075
55431 44038
37074 62466
18886 81416
4558 93832
37034 65606
38904 60165
4397 89786
85845 14881
64694 36514
39866 58935
52605 48640
2873 96419
9382 89660
45602 54758
82991 23930
87808 17762
80431 8950
92988 7001
39365 58442
48290 51357
92868 7370
11579 86959
22957 73146
55429 44031
26420 73838
65202 36349
74030 23769
32865 68616
4174 94910
77505 20462
17053 90329
6421 92152
53562 33641
30267 71294
17406 82491
27210 73230
59181 41533
13492 84601
33118 66869
49345 50351
96514 2857
32865 66061
74559 17038
39365 65301
30419 70452
17350 80320
32573 68820
72684 29692
78282 21177
74326 29865
38489 61740
16102 83900
83330 17798
33063 60291
69103 26282
11900 84821
37097 62443
23698 76022
79582 20376
66930 31964
49581 49920
68780 30118
73529 25610
14097 85596
98091 1694
84127 17016
44306 56128
89625 9226
16076 84109
40707 55958
64663 36849
4174 93919
43378 55921
48385 50908
73939 22921
72084 29297
72684 29005
72540 24455
30267 71714
22260 78572
83794 15067
73630 14165
22893 77922
36659 62970
20258 80795
7760 92027
4397 93919
90301 8728
21160 77389
16851 79300
22919 76180
53562 45582
83706 17239
20222 80795
57797 41651
84423 16300
87358 10189
11476 83887
18932 80902
9382 89430
66662 43321
67938 31108
75809 22745
10492 88635
48385 50717
37074 61891
66221 33655
50681 48875
72392 27549
52079 47067
18281 82287
27907 76365
9516 83891
8402 91488
59585 41174
56634 49869
75809 22759
72392 27930
45659 54423
77400 22429
49692 49859
20527 72536
55480 43495
90586 8387
28379 73124
61515 38705
10305 89049
10492 87015
93288 7015
90301 17557
92988 7054
39499 59390
15266 86838
8324 91572
74283 23485
5962 92966
68353 35911
73578 22745
79269 20649
39813 59390
93927 3862
48290 51337
30419 70700
46829 52237
43083 56591
89130 10189
22804 77922
98518 1285
72247 29022
62156 30015
8626 83164
14097 83042
60627 38730
35383 64409
73140 26014
92251 7865
12062 79682
37636 65984
79446 25883
56459 42887
20163 80898
66662 30734
81934 18728
90261 19517
756 99615
38566 60491
76838 22607
32373 70033
52319 47162
93178 9368
37904 66340
54140 44279
4205 89178
5623 93319
59606 39418
777 99122
82991 18069
55372 42930
57035 42502
30720 70101
17987 82312
44687 55755
82609 10337
29207 72111
35383 64912
57663 42209
88010 10503
79582 20287
18281 75813
73939 18151
39362 59654
28730 72004
69845 27503
53652 45437
93833 10114
4397 94016
56914 42556
18927 81285
89508 9748
69708 29865
2475 96660
45324 55592
39011 60107
99804 460
18459 81788
22919 76720
88580 18229
20553 86204
47896 51877
42359 47687
84945 12312
27160 73490
34594 68592
18627 85009
37448 61856
34780 61102
33118 67612
76393 20059
96737 2622
32094 69055
79582 18790
4174 95004
77846 24037
1349 98633
6144 92861
69442 25089
30267 71185
17459 88773
10656 88618
6103 90862
63042 44251
2066 97317
81837 18750
654 99615
18344 82050
55173 43321
79966 19778
61737 38617
45476 48565
31008 70033
28722 66702
72392 28678
25700 74735
42122 58003
21225 78420
20884 79300
2053 97538
41977 58138
69442 29865
89508 9447
33052 68217
96141 6626
73027 29990
30419 70637
95273 7667
45218 55583
25254 75329
60391 38730
99634 619
38369 55755
34304 66574
91431 6804
62302 38691
34069 72359
9222 89311
8570 92877
59554 40888
21160 76180
23067 77977
47385 52179
69708 22900
68196 30563
36283 63855
5431 93628
91477 14429
28730 72108
85151 7785
2373 96615
63765 37298
80393 19369
42531 57855
65585 27645
53652 39235
28430 72878
56195 43599
45476 54758
84127 16947
28503 72786
66930 31910
93288 5845
97814 2222
89625 6153
25092 75522
55473 43527
92988 8250
8688 89831
69327 21337
11071 88382
21317 78572
57797 41959
28730 72298
6172 92553
93288 5624
75706 29773
73027 26282
60861 38691
57663 42222
89708 9003
12565 86058
16169 89672
16709 83846
81400 19619
34814 65894
92414 7841
87660 12948
52761 46183
93288 5709
9705 89215
72059 21059
34359 61540
46676 53337
1349 94196
98192 1318
8570 86001
93087 3255
68157 34191
77481 21631
89708 8967
43069 56982
95411 3347
68780 32224
72684 27013
51864 47385
35537 64283
20553 83687
20398 81626
14500 85009
74071 23544
39129 59829
60046 38830
85479 15465
60745 38158
55749 44157
96448 3255
92696 15666
58469 41547
14608 85299
98151 1357
10826 88618
58492 41528
38077 61270
6429 92152
8734 94610
93094 16950
59819 44735
35110 65475
38757 67819
59181 46255
1015 98725
45353 55266
46676 53416
65588 30182
81146 19517
92988 5447
58469 42575
50838 48751
72860 26321
3760 96304
87173 13605
64625 36899
64065 37077
44335 61265
57343 39729
46676 54076
1354 97663
30267 71797
1937 97594
4174 98160
53744 45582
73578 24779
