500
34532 61846
95572 4247
94302 7347
85629 16848
54005 46100
90479 13913
30050 79201
46090 52985
24121 73421
71131 33201
11420 85880
4243 95129
30577 63102
25727 77459
36717 59301
65747 37531
99432 2899
11100 89055
43163 58202
15488 82867
15049 84592
13229 83481
94881 6620
98652 4542
73533 32753
81881 15332
20192 78776
80047 22336
29921 67241
45592 53467
10341 89583
2817 96732
52112 46850
90297 8473
40442 52285
49292 49543
90785 13869
59157 43153
41807 53330
34470 71598
15900 80897
30505 66926
64864 39092
92039 10908
16477 90643
71654 33101
38656 56756
77444 26280
99911 652
99491 2004
1109 99134
50753 49230
9812 96324
27060 59489
18905 80297
37866 54957
15488 80727
81803 17478
23778 75856
92813 10212
78247 25818
53988 46572
27959 62800
98458 4996
16556 82644
50795 49029
16103 82510
51093 44985
93171 8473
57930 43380
93340 4808
29233 63565
48865 50609
61568 40549
48553 54089
97012 5334
14758 84756
83165 17671
94302 6899
94803 6709
99491 2227
53990 46169
75282 22392
773 99666
50795 49092
13917 88190
16477 82543
20192 66843
62287 40120
23813 75584
60745 42083
35216 61189
92338 10394
55380 45532
27959 70633
24195 68015
20060 80095
48865 51585
52965 40907
67393 34763
38501 57820
45150 54316
45214 54095
21010 77779
44077 54946
93595 7693
5020 94965
77579 26131
5288 94645
36097 60093
73426 32874
45214 56184
20354 77354
99988 4603
35193 66359
69865 36109
81431 20686
58555 43156
81803 19006
21019 77554
12155 89528
91457 12882
36363 71543
13074 87280
83576 16650
44299 54696
25749 72347
28564 68582
75679 27429
88248 23437
14253 85409
91055 20860
33995 71589
5936 93925
29466 66882
99755 578
60172 43048
47258 52415
83379 17298
54532 45742
51161 48192
78344 25798
80819 21596
1136 98980
77852 30898
90077 15020
79293 22936
61761 40730
80819 19820
50795 48882
99988 125
78561 34620
6054 93631
48865 51267
129 99823
65464 38645
12920 87676
85635 15716
38624 52112
23949 74120
72686 32883
91732 11825
38524 57360
15181 87090
96922 5453
15488 83115
12920 79921
10119 92895
87206 15352
33144 64084
39028 65220
37779 58636
6005 93709
46215 52953
16845 81482
92262 10746
98183 4921
26054 72270
9829 94651
46090 53254
57514 43649
99406 3380
81803 24848
7888 89749
34883 61846
91369 13571
58127 43204
85386 16903
10867 89105
50314 49311
58124 43224
37074 59269
69971 34123
14073 82517
20192 79319
74763 29687
32078 64949
79277 24757
7908 91188
12811 87832
91457 12283
3405 95091
46934 57063
67393 31421
15152 83797
1631 98158
14107 89041
78067 25526
61479 40664
47258 48423
5537 94248
19092 85013
90447 7660
230 99670
55176 45565
71005 33249
23442 77192
51226 52455
73560 32209
1538 97951
83830 18819
90899 13819
8275 81853
23818 75346
38081 64164
91055 15260
12301 88047
51117 52062
41253 55441
82882 16667
84113 16665
97380 5240
3868 96672
36097 60481
14073 86818
29627 80292
80104 21807
65747 43124
99491 2340
22514 80181
14285 86716
47982 47884
30246 68823
5252 92560
56233 43754
27188 69582
93720 6348
87210 15342
15488 82644
32165 64632
93015 11395
34237 62711
30860 66749
91777 11242
38501 55117
58055 43245
91754 11624
38501 47469
32113 62495
10326 90079
9472 91063
63599 39845
98980 6187
76541 26351
6812 87022
38501 57821
77120 26307
46864 52630
14107 85921
95715 8911
91732 11662
83165 19006
37664 61566
79810 30845
77919 25818
91588 11851
36097 60550
20830 77788
49224 49655
98169 14046
97197 9963
38560 57283
39028 56297
16524 87022
13422 81674
77120 31762
1266 98051
65894 38294
48738 47292
39028 56229
32455 64349
15974 86467
30948 59173
60455 42065
84113 16667
99113 854
2309 90777
94413 6872
74547 35517
65576 38424
98232 8407
2875 95179
23859 74774
92039 10847
27349 71121
20037 79775
78747 22362
75213 28166
15974 81331
81627 24502
52730 51641
23442 76569
78101 25809
4402 96400
32455 68547
79872 24019
78674 19883
81357 20860
61285 41063
5075 94851
29745 64425
38501 58142
60365 39789
2271 98342
75282 36257
29771 67735
8709 91480
41253 55723
37779 58751
19628 78521
2309 97166
26015 82128
26743 71714
41671 55170
95572 4624
69761 23084
16477 79453
65576 36835
68836 35015
45214 53917
45214 54981
55971 44522
92983 8844
48865 50948
74782 29271
12155 89041
67337 34438
60739 36640
8950 91368
28189 70468
1198 99689
74753 27799
70285 33716
42119 54235
84113 16199
33355 63881
89118 15295
53740 47086
74347 31695
98483 4192
99198 3716
30900 66513
91457 13314
61479 40158
33485 63741
97393 5206
913 99438
24195 73315
24075 73744
51093 48726
45850 57864
45356 53542
45592 53416
12273 87014
83737 13571
9319 92770
66413 36276
73911 27151
87912 15341
3366 96198
93508 8380
55971 48728
67035 36264
67308 35537
1285 98342
61285 41187
91457 13105
16115 72327
93832 7104
53748 57852
10552 89357
91457 12774
99590 750
80745 13182
15164 83733
3082 96953
54186 45842
60172 38237
73904 32912
29771 67862
8502 91984
55971 44731
60365 42687
74547 31083
20354 80279
84849 16199
74746 25819
64340 39339
13855 93377
48708 51693
75247 29258
89480 14403
36299 60078
15049 84104
91754 13571
26874 56700
93720 7483
70156 33824
78851 18213
48865 50991
36717 59445
8519 92269
66413 42498
66222 37194
25648 72701
35667 60683
41604 55195
89601 15171
22340 77533
61479 47200
57494 43693
23241 78000
62512 39892
91384 13348
10432 88747
68173 35404
38561 57275
92957 5843
55566 45004
64773 39339
98169 5014
26924 70852
86152 16197
99911 746
48865 50952
56035 43915
71697 33159
91457 12889
8733 91398
93883 7329
76456 27318
88322 15312
1266 98831
33705 66544
68181 35365
41388 55281
2902 95989
95572 6187
93720 8019
92906 5312
94302 1580
95314 6437
64213 42655
91457 21684
25077 72892
1588 97571
33355 71141
24980 73167
75293 27770
99520 7226
17435 70352
14073 87808
69521 27783
86871 15499
81452 20087
78247 25700
98483 4542
93588 7777
94475 6720
81627 18147
16546 82580
78217 16060
51585 47821
64213 39588
55488 45465
19683 72422
99590 753
71976 31988
10176 90643
51226 47789
79222 23353
60739 41246
33004 58159
35063 61838
219 98975
90899 13669
37130 59242
83612 16180
99406 3189
29771 73304
