500
75300 22962
98963 11630
38230 54335
30037 63933
29636 65787
1842 97033
97914 6610
96889 3957
17343 81173
20252 72612
626 98644
77039 29219
38128 54360
85933 13229
35418 49383
74024 23607
29537 68005
90189 10874
1822 97897
29537 68780
59193 44925
65157 32780
23018 76553
26464 71645
5271 92679
15620 84090
57121 38578
20329 78511
86123 13113
44705 46517
51590 35573
65290 33541
24665 74072
5163 95013
39667 51138
71690 26911
12709 96536
15610 84188
97914 1071
80017 21416
55132 46834
29537 67072
5163 95887
26825 69297
24789 68579
26790 76284
74025 23413
36575 55879
23410 75381
13447 87339
66664 29363
9355 90362
39066 51839
29164 59131
43259 48225
51885 41107
35418 54240
5163 96184
15015 90945
6665 89124
21516 77745
65231 40149
18474 82284
69049 28314
97025 1888
77553 20107
44630 47099
4373 94882
13756 86914
75993 22273
45858 46077
94166 9010
60130 34990
5163 95842
41837 49555
94703 7851
83248 21449
58673 36063
34530 60167
76511 20972
12034 88736
48277 42764
46088 44209
23512 74193
33839 60601
20252 79005
71632 33647
1368 98303
71609 26039
90441 515
83272 15663
22613 77564
460 99934
96548 6247
24901 73284
16398 83592
43363 47932
72498 33807
7639 92235
66664 30877
35418 50493
34547 60105
7968 91797
47064 45202
74300 23400
99946 112
32887 60763
42496 47687
29537 75561
69714 19872
82580 13598
421 99479
1729 97685
94274 8963
14770 85887
22617 77145
33935 65684
26073 69434
79412 15834
13447 88431
16401 83327
72805 25451
73575 24147
42099 57962
24094 74718
84296 14392
13447 92296
73560 25282
48158 43322
27682 66673
6595 92727
32885 61077
66111 38959
84778 13325
35418 58722
15338 84607
62877 37799
94212 9010
96743 5760
91898 10274
90441 10438
7257 91752
81862 17708
95775 6325
92399 9703
5537 94631
66796 30522
3470 97475
66522 31036
35418 54349
28016 68868
73067 24239
32285 62499
80984 17809
759 98515
73089 25182
79038 18797
13440 88516
4638 92959
36994 55879
15338 84545
33513 59032
67418 31956
27167 66735
59297 41635
14246 85094
16651 82968
5163 92570
4247 94871
35418 58258
45296 47048
39667 51839
33422 60489
78835 19060
78299 19293
22613 77262
78299 19836
82580 16938
17207 80375
94503 8364
34181 59905
94461 1596
34420 60179
81862 21484
17190 80825
84737 13534
47064 43839
5163 95957
67076 29349
37545 58753
54127 39108
20785 77812
82086 17315
14135 88047
5524 93781
43363 48102
20477 78197
1302 98513
84530 14066
460 99514
35160 67952
51430 46387
32238 62348
10361 89535
79460 27419
15766 84031
69469 29160
53722 40280
5274 94428
96820 4967
97103 2854
66351 31356
60923 34960
73426 22311
77039 20800
82086 17277
15271 80692
82914 16609
26034 70670
45858 46141
6665 93453
23087 76099
83272 15727
68888 29256
24340 74909
57581 43997
64823 32924
13447 94120
45858 35577
41237 50164
95799 12858
30009 64767
96820 5039
57889 36471
39066 45600
759 98639
5163 96048
23094 75887
87446 6346
30037 64017
88082 7975
54156 31609
84258 14468
63409 25851
38866 54227
14896 85765
4061 97027
45356 48415
57581 37681
29537 66490
37190 55157
22716 76275
29537 69434
45858 44969
44306 47771
37370 54622
75443 24332
96973 4429
36512 57778
75763 21092
51991 40311
45356 38578
45858 34430
12426 88603
70871 28303
36083 60242
31311 63538
12257 88610
38866 58117
31311 63120
20347 83592
65530 34235
1651 98266
53722 40149
84547 16859
17650 80275
29537 76942
17553 92652
23018 76266
95338 7206
17275 80559
96880 1050
23262 66591
5579 93210
62286 43403
87446 12419
8255 92287
51885 41352
51945 40664
3605 97184
48053 43334
91691 10347
71210 27242
73997 24110
98797 3269
48828 42674
5163 95973
20042 79286
92399 10585
58286 36148
71028 32151
80496 17829
35223 59462
75685 17558
45531 37875
19935 79618
35365 60672
11354 87179
25139 73191
84530 13630
29537 67517
47316 43984
87907 12066
63900 33210
40264 55920
96949 4118
10681 89158
23262 81962
83127 16195
10100 89815
46595 42172
97914 1757
5163 95842
5384 86891
26825 66812
6442 92667
63574 26663
83679 15493
25806 71660
5163 88528
2170 97851
7560 92287
98347 418
47568 43377
96548 6102
83908 15040
76511 17995
14473 86421
5687 93018
23120 78252
74324 23150
75443 18193
13602 87181
40036 51192
39896 50722
35261 58618
16651 82413
6595 96362
3186 98047
98982 9589
92399 9384
92850 9384
25997 73898
29715 60487
19713 79999
16079 84014
5163 96819
36330 56535
60009 35349
16411 83211
5163 95013
98595 770
27386 68761
66700 30266
35261 47567
26073 69523
16411 77745
16651 79999
88082 11145
5687 93106
39066 53874
16651 82742
60057 35302
95426 768
38128 58572
66296 31632
13486 86740
75333 22531
44558 45619
23262 75612
22656 77145
90078 10955
13994 86938
22803 76293
85009 13273
460 99275
43259 48123
15554 84216
42291 45877
76511 18193
25169 72863
36330 56554
45858 47771
39195 52804
97668 1907
4109 96918
50287 42527
21730 75771
94455 8557
99172 546
32735 61251
51885 41452
74024 23937
73067 25191
3692 97944
39667 50530
36417 55982
44568 48862
86769 6325
41880 49547
74024 23579
16962 81856
54581 38766
32545 61292
51924 41083
67845 29311
66664 30345
31510 61359
96880 4717
6506 92777
25169 78564
35418 58635
79298 21243
69619 28666
65835 31870
20524 77852
15338 84872
29537 66701
64025 33199
16398 82968
22865 69411
6898 92425
9259 91003
35418 54486
87134 12650
16851 75671
22667 66517
51170 42498
71024 27864
26034 69668
97914 3104
45858 57008
14896 85651
94503 8364
9790 86180
60697 33919
39667 51226
53811 32263
39195 52560
93286 9215
96179 13270
46068 44716
72272 25855
48576 42739
57277 37914
62626 34235
5163 95356
39527 53743
76511 22466
57744 29349
29537 67569
95143 7319
51523 42004
42868 49327
83910 14818
74024 23607
80256 17862
8832 90110
626 98644
78605 19102
26034 70030
75333 21109
63871 18101
31193 63762
17024 80439
8680 83942
85169 12526
92399 9938
95566 6284
5163 96249
93688 9174
30095 64120
16089 91375
94703 7803
13447 87945
6898 88359
37691 54486
45858 53965
5271 94500
66469 31139
54566 38874
35487 57051
90293 10661
53995 39739
39667 51800
6665 95198
89894 11108
3167 97731
8198 91809
14473 85041
